One-Way:
Start: 8049043566 x="-86.7469243" y="40.2976045" x="-9656623.440958649" y="4909284.069400239"
End: 1357752785 x="-86.68945760000001" y="40.2434627" x="-9650226.27717708" y="4901384.945767977"

Other-Way:
Start: 179060005 x="-86.6891744" y="40.2434391" x="-9650194.751497287" y="4901381.503978073"
End: 8049043565 x="-86.7467827" y="40.2977001" x="-9656607.678118752" y="4909298.022744203"
